0
21.341285 1.362132 0.030000 0.713011
12.643408 23.296460 0.030000 1.169205
12.394880 3.426276 0.030000 5.192122
9.187423 13.207540 0.030000 3.502259
0.549391 6.841057 0.030000 3.053869
19.364162 16.356205 0.030000 0.993865
13.854263 19.469608 0.030000 2.591316
23.448234 19.215103 0.030000 4.520527
10.151357 1.519699 0.030000 5.763366
6.526880 13.730678 0.030000 5.366004
18.008327 7.549084 0.030000 0.919608
4.690822 14.141001 0.030000 2.077621
9.994629 14.531348 0.030000 2.763813
11.033557 12.539051 0.030000 2.095428
11.663137 10.833187 0.030000 5.156500
21.470477 15.960761 0.030000 3.011257
11.292100 4.497182 0.030000 5.753581
14.054641 1.295667 0.030000 2.778987
21.229124 6.352095 0.030000 2.898884
9.840466 7.117227 0.030000 2.742263
1.878268 0.010869 0.030000 3.179658
6.208250 7.833493 0.030000 4.802189
9.535113 22.199246 0.030000 5.190180
21.049015 17.324708 0.030000 5.599088
6.438856 19.379331 0.030000 5.343012
4.067782 12.405035 0.030000 3.089261
15.345527 8.695710 0.030000 2.132708
6.300417 7.197797 0.030000 0.590738
10.387436 9.639688 0.030000 0.529608
9.470557 0.508289 0.030000 6.184934
24.959885 8.871862 0.030000 1.582257
5.113878 14.911119 0.030000 0.624807
11.340934 11.595978 0.030000 3.563165
6.151852 12.919897 0.030000 3.869638
18.911421 18.078811 0.030000 0.186511
3.349928 16.890223 0.030000 4.570334
15.392965 11.061677 0.030000 0.920813
15.499243 1.320936 0.030000 5.002775
20.888061 16.218808 0.030000 5.843932
13.229059 22.796542 0.030000 1.709942
16.599751 1.655147 0.030000 6.070418
9.711388 16.772926 0.030000 5.187070
15.574229 23.979381 0.030000 2.335860
0.640906 24.800756 0.030000 2.233448
12.277971 11.375035 0.030000 1.350459
6.353421 20.142369 0.030000 2.911823
22.155894 1.570181 0.030000 0.598891
19.734654 1.339116 0.030000 4.168315
13.867189 8.781268 0.030000 5.245339
18.227856 8.381779 0.030000 5.019975
10.743922 24.794539 0.030000 1.281852
11.192505 11.216227 0.030000 3.866184
13.231584 4.924701 0.030000 0.204944
6.625434 23.353441 0.030000 1.104520
4.952309 13.839500 0.030000 6.243546
3.717917 5.055475 0.030000 1.833800
7.366534 4.204557 0.030000 3.119611
9.384596 0.629219 0.030000 3.543884
0.318012 4.938597 0.030000 0.104596
3.118932 2.704734 0.030000 1.231352
20.535169 6.087743 0.030000 3.057797
12.771263 24.415544 0.030000 5.510497
20.168064 19.050878 0.030000 0.497348
9.934345 12.280187 0.030000 4.000454
16.888321 20.097691 0.030000 2.885871
7.992368 6.437312 0.030000 1.927353
2.927357 19.907740 0.030000 5.315180
24.836557 24.075037 0.030000 4.460515
18.618392 3.672828 0.030000 3.714123
19.177103 1.267698 0.030000 4.995158
17.716906 16.205843 0.030000 2.621741
6.049845 0.572570 0.030000 0.025135
9.663447 16.405843 0.030000 3.130750
9.899085 8.213009 0.030000 1.700441
13.417620 24.369903 0.030000 4.118765
9.746436 2.284505 0.030000 1.758030
12.912455 4.804854 0.030000 3.701602
19.770662 15.452470 0.030000 1.660292
20.168544 19.173429 0.030000 1.055321
22.825120 13.085722 0.030000 2.925916
4.765871 14.066186 0.030000 5.369448
1.317336 15.692473 0.030000 6.045642
16.531226 9.588453 0.030000 4.404066
12.638318 8.135445 0.030000 2.310127
24.777862 17.415848 0.030000 3.031935
20.235797 14.123050 0.030000 4.275858
0.283310 11.537096 0.030000 1.686248
20.113338 17.362616 0.030000 3.287491
24.947277 9.362959 0.030000 3.048666
24.253288 8.961500 0.030000 0.799239
6.004671 22.738268 0.030000 3.916996
11.312257 2.849673 0.030000 3.920403
8.034049 1.713219 0.030000 3.441615
2.139082 2.333839 0.030000 4.256973
23.288316 12.582115 0.030000 4.314785
2.792192 14.274108 0.030000 5.647574
2.056013 15.414184 0.030000 3.436937
19.970555 19.679359 0.030000 1.335986
10.546009 21.922800 0.030000 1.691262
13.163891 12.861162 0.030000 4.924053
8.868228 2.246464 0.030000 4.059813
11.526886 4.266890 0.030000 5.436459
20.984990 23.856963 0.030000 5.456215
17.001440 11.063682 0.030000 0.666647
23.442673 8.036123 0.030000 3.445295
13.672644 9.783414 0.030000 1.753395
9.407382 1.950728 0.030000 3.016683
12.729516 12.416612 0.030000 5.574775
22.150789 3.443407 0.030000 2.437917
0.801570 13.296540 0.030000 4.524896
21.027803 6.992372 0.030000 1.541435
13.307021 3.713808 0.030000 4.414357
13.004647 9.481588 0.030000 5.354844
9.837555 13.201860 0.030000 3.634736
1.517414 7.180780 0.030000 2.212724
2.437019 24.823783 0.030000 2.217741
3.434587 7.737090 0.030000 2.879660
8.935399 12.044591 0.030000 2.933291
10.964052 24.711580 0.030000 5.842465
19.662837 20.098713 0.030000 2.366932
21.772000 24.798175 0.030000 2.918924
23.888134 12.351924 0.030000 1.647730
23.388334 3.993327 0.030000 4.443755
20.058778 9.437443 0.030000 4.265590
2.165495 16.654384 0.030000 4.165675
21.330735 24.828361 0.030000 0.257395
22.874522 8.215415 0.030000 6.056288
23.291298 6.638464 0.030000 1.705574
9.187012 1.802528 0.030000 1.825317
7.131780 2.450864 0.030000 5.868664
17.262656 16.697343 0.030000 4.870096
22.612633 7.722767 0.030000 5.034180
12.881517 1.487429 0.030000 3.168939
6.885149 21.153972 0.030000 2.974888
5.704901 20.375780 0.030000 4.679557
16.853729 22.419147 0.030000 1.235848
2.479723 16.916729 0.030000 1.844580
3.153090 2.917125 0.030000 0.080058
7.214266 11.931323 0.030000 2.079300
7.706991 2.986033 0.030000 2.428509
22.427858 6.418989 0.030000 2.162888
11.070004 20.157210 0.030000 1.796051
8.627755 15.421148 0.030000 3.134140
20.531712 10.994038 0.030000 3.978213
2.791839 20.362897 0.030000 1.508347
5.093042 6.388985 0.030000 0.754624
22.168765 22.866745 0.030000 4.932448
9.576196 4.612461 0.030000 3.677144
12.465242 8.222828 0.030000 2.911609
15.081131 2.144286 0.030000 4.626225
5.024937 2.047651 0.030000 5.802585
22.890488 1.330571 0.030000 4.271838
12.951321 5.462101 0.030000 6.050790
14.498301 12.138036 0.030000 6.017888
11.057899 10.772686 0.030000 6.097371
3.302220 23.901035 0.030000 0.149820
7.798866 12.910178 0.030000 3.618217
2.370172 14.634878 0.030000 0.040862
17.930259 23.139358 0.030000 2.322861
14.645488 20.617976 0.030000 2.185194
18.050028 23.033672 0.030000 2.067682
8.674258 21.904842 0.030000 2.443826
1.572930 17.750177 0.030000 3.925649
6.968811 14.836154 0.030000 0.394576
17.305311 0.943421 0.030000 3.811969
5.115204 16.559747 0.030000 4.204911
14.022274 21.531355 0.030000 1.159857
20.703093 7.900404 0.030000 5.349923
6.226732 18.141017 0.030000 2.148378
4.725381 7.434131 0.030000 4.329837
10.231792 20.694878 0.030000 5.104621
2.744146 9.385955 0.030000 3.756547
20.484752 13.888055 0.030000 4.975897
9.439218 10.515327 0.030000 0.163886
14.507006 17.499180 0.030000 0.546361
17.096723 23.750411 0.030000 5.038016
23.307864 22.680014 0.030000 0.413035
14.716470 15.236845 0.030000 1.137290
17.724866 2.796693 0.030000 4.918258
4.138123 8.167156 0.030000 5.856375
8.915827 6.624048 0.030000 2.570722
4.435058 19.227583 0.030000 0.978205
2.480492 4.908252 0.030000 4.368531
0.689345 7.447614 0.030000 2.837738
11.208333 18.556104 0.030000 1.900666
17.638434 5.356405 0.030000 4.513873
4.754230 15.134901 0.030000 0.070229
2.930358 18.566250 0.030000 3.113338
23.140486 20.487681 0.030000 4.380734
16.305412 18.627513 0.030000 4.787411
12.610949 4.206854 0.030000 3.646089
10.763488 14.377394 0.030000 2.491688
11.244756 17.446149 0.030000 1.297848
5.112144 2.166531 0.030000 4.610514
24.831219 7.177398 0.030000 2.628691
10.514996 13.656914 0.030000 2.768183
6.756191 13.964955 0.030000 4.863947
0.176452 21.190625 0.030000 1.019251
20.230433 16.696284 0.030000 2.907918
7.869870 22.614463 0.030000 2.411736
19.763446 9.391166 0.030000 1.697047
14.013994 16.477963 0.030000 5.117974
21.747143 11.242646 0.030000 0.090387
14.658422 16.503456 0.030000 2.449154
5.742784 18.807673 0.030000 3.839289
18.393702 9.442734 0.030000 0.033744
3.175829 5.761757 0.030000 2.688515
21.555720 3.906155 0.030000 0.823607
14.735511 13.716031 0.030000 2.281486
15.456746 4.481420 0.030000 0.142946
5.682003 22.232931 0.030000 2.911182
3.915971 20.690157 0.030000 5.426463
22.301387 20.693281 0.030000 2.334731
15.358749 0.784424 0.030000 3.514572
5.969008 11.997654 0.030000 1.738028
9.843896 10.520285 0.030000 1.931941
3.221380 22.022233 0.030000 4.784772
10.809244 10.304150 0.030000 2.658501
8.166055 20.197505 0.030000 1.978496
18.203728 14.166349 0.030000 1.041187
13.732664 19.799570 0.030000 4.238851
5.215376 6.036518 0.030000 4.136869
17.176004 15.410719 0.030000 2.427943
4.583890 10.672400 0.030000 0.501096
20.857142 4.249787 0.030000 2.179751
16.688613 20.207408 0.030000 3.356675
17.359061 14.534227 0.030000 5.647109
15.271510 4.747071 0.030000 4.728160
8.131796 7.915319 0.030000 3.703639
19.943716 0.358901 0.030000 4.080349
2.035050 14.134782 0.030000 4.405339
23.045816 11.497299 0.030000 5.499156
20.765000 5.054395 0.030000 2.586408
2.108518 12.702207 0.030000 4.195576
1.362067 19.888278 0.030000 0.804952
24.073126 1.859142 0.030000 2.295840
14.927517 4.957993 0.030000 2.648976
21.671016 6.445036 0.030000 5.828386
13.693314 20.340622 0.030000 4.535311
7.378462 14.779631 0.030000 1.660587
20.540206 13.995941 0.030000 4.729365
22.217088 20.110690 0.030000 2.327181
8.526565 5.056557 0.030000 4.448742
12.280014 15.372509 0.030000 2.838479
14.542537 4.019564 0.030000 3.759105
14.257617 21.144525 0.030000 5.662690
12.642192 5.274541 0.030000 3.892413
9.802529 6.908444 0.030000 0.721182
7.216829 24.284424 0.030000 6.209149
24.308089 23.350460 0.030000 2.724778
14.975867 12.456348 0.030000 3.112206
1.434336 13.606701 0.030000 4.102858
17.702721 5.311579 0.030000 1.330360
20.466723 22.916048 0.030000 2.984429
5.190978 6.609271 0.030000 5.283226
22.660115 15.770506 0.030000 2.640946
6.364667 1.079421 0.030000 1.758478
8.038950 7.969214 0.030000 1.169673
20.803543 1.966849 0.030000 0.033827
19.487634 13.852231 0.030000 2.428284
16.172345 0.630538 0.030000 0.183473
22.276580 3.763030 0.030000 2.464395
18.068782 17.540774 0.030000 5.202496
8.691566 23.547256 0.030000 2.860584
2.719685 11.589166 0.030000 5.623856
3.039231 15.707035 0.030000 0.208132
2.663773 4.202154 0.030000 1.964365
11.721143 9.996805 0.030000 5.020154
2.942784 1.214701 0.030000 0.176728
18.143629 0.554380 0.030000 0.161901
7.494518 8.314561 0.030000 4.545630
18.160768 5.630226 0.030000 0.995711
6.000297 0.465349 0.030000 1.836634
8.343119 7.113664 0.030000 2.879791
11.718439 24.524298 0.030000 5.279865
12.293846 23.096167 0.030000 3.888194
21.151978 8.113400 0.030000 4.807620
7.275252 6.882648 0.030000 2.871636
7.304818 12.115097 0.030000 1.139311
10.699992 22.119768 0.030000 5.642811
11.811843 0.239721 0.030000 4.168698
19.329565 6.998116 0.030000 5.987786
12.155816 20.354929 0.030000 4.937558
9.914372 16.979429 0.030000 4.298153
7.262012 5.439963 0.030000 0.864058
17.220688 2.861933 0.030000 5.864729
1.979716 13.501909 0.030000 4.120974
5.995368 19.621951 0.030000 0.125826
13.791609 22.798605 0.030000 0.731643
24.103638 10.737978 0.030000 3.685293
11.745703 5.594244 0.030000 1.117369
22.382825 2.228730 0.030000 1.094609
0.272157 13.129334 0.030000 2.170280
22.338725 21.517896 0.030000 0.274385
16.655929 8.825975 0.030000 4.954576
18.684094 7.308444 0.030000 5.229054
4.396730 9.141402 0.030000 5.855272
7.502691 10.725722 0.030000 1.157576
17.145833 17.205729 0.030000 5.095286
0.998646 8.123065 0.030000 5.168461
